x,y,avg_ms
1,1,587.242
1,2,313.042
1,3,251.324
1,4,230.306
1,5,220.04
1,6,216.965
1,7,219.327
1,8,218.098
1,9,222.508
1,10,224.684
1,11,225.794
1,12,226.437
1,13,227.371
1,14,228.277
1,15,228.787
1,16,229.032
1,17,230.283
1,18,230.508
1,19,232.097
1,20,232.291
1,21,232.584
1,22,232.521
1,23,232.451
1,24,232.234
1,25,232.736
1,26,233.05
1,27,232.907
1,28,232.599
1,29,233.076
1,30,232.826
1,31,233.518
1,32,232.743
2,1,304.871
2,2,164.432
2,3,131.465
2,4,123.473
2,5,118.475
2,6,116.361
2,7,116.902
2,8,116.362
2,9,117.492
2,10,117.871
2,11,118.02
2,12,117.877
2,13,118.094
2,14,118.193
2,15,118.296
2,16,118.216
2,17,125.556
2,18,123.591
2,19,122.362
2,20,121.034
2,21,120.097
2,22,119.351
2,23,119.171
2,24,118.52
2,25,118.925
2,26,118.912
2,27,119.116
2,28,118.839
2,29,119.045
2,30,118.994
2,31,119.062
2,32,119.022
3,1,207.222
3,2,113.264
3,3,89.7428
3,4,85.0345
3,5,82.3897
3,6,81.1043
3,7,81.249
3,8,80.3931
3,9,81.108
3,10,81.0282
3,11,92.2543
3,12,89.4806
3,13,88.2621
3,14,87.3455
3,15,86.2105
3,16,85.0179
3,17,85.4174
3,18,84.9124
3,19,84.7279
3,20,84.5807
3,21,84.4155
3,22,90.5787
3,23,89.392
3,24,88.4483
3,25,87.829
3,26,87.2206
3,27,87.101
3,28,86.8352
3,29,86.8261
3,30,86.8358
3,31,86.6155
3,32,85.6263
4,1,157.202
4,2,86.5735
4,3,68.0536
4,4,64.968
4,5,63.0832
4,6,62.0295
4,7,61.9587
4,8,61.5311
4,9,65.4276
4,10,63.8725
4,11,63.2406
4,12,62.7186
4,13,62.176
4,14,61.9478
4,15,61.7386
4,16,61.6186
4,17,63.6236
4,18,63.0282
4,19,62.4953
4,20,62.0691
4,21,62.0677
4,22,61.8083
4,23,61.9893
4,24,61.6386
4,25,63.032
4,26,62.7111
4,27,62.4617
4,28,62.1416
4,29,61.8321
4,30,61.7825
4,31,61.8151
4,32,61.5836
5,1,127.434
5,2,70.5359
5,3,55.6937
5,4,53.2999
5,5,51.8383
5,6,50.8699
5,7,61.0982
5,8,58.2613
5,9,57.3192
5,10,56.174
5,11,55.1848
5,12,54.4415
5,13,59.6112
5,14,58.1235
5,15,57.5104
5,16,56.7373
5,17,56.0157
5,18,55.7212
5,19,55.5105
5,20,57.7016
5,21,56.8186
5,22,56.418
5,23,55.8695
5,24,55.4166
5,25,55.1377
5,26,57.4493
5,27,57.0002
5,28,56.5236
5,29,56.3558
5,30,55.9232
5,31,55.7663
5,32,55.9208
6,1,106.938
6,2,59.5966
6,3,47.1726
6,4,45.0445
6,5,43.9199
6,6,53.0694
6,7,50.5532
6,8,49.202
6,9,48.365
6,10,47.1605
6,11,51.6825
6,12,50.1825
6,13,49.4684
6,14,48.7192
6,15,47.9498
6,16,47.0989
6,17,48.4556
6,18,47.8333
6,19,47.5151
6,20,46.8898
6,21,46.6129
6,22,48.7448
6,23,48.2568
6,24,47.7288
6,25,47.6321
6,26,47.1762
6,27,49.3129
6,28,48.8234
6,29,48.6197
6,30,48.3594
6,31,48.1077
6,32,47.4828
7,1,92.4877
7,2,51.8622
7,3,41.1045
7,4,39.2783
7,5,47.9702
7,6,45.3218
7,7,44.0812
7,8,42.7688
7,9,41.7961
7,10,44.6897
7,11,42.9496
7,12,42.1145
7,13,41.6126
7,14,44.5814
7,15,43.8651
7,16,43.4219
7,17,42.7759
7,18,42.2176
7,19,43.5559
7,20,42.8825
7,21,42.5518
7,22,42.2507
7,23,44.0422
7,24,43.6932
7,25,43.408
7,26,43.2311
7,27,42.9383
7,28,43.284
7,29,42.8995
7,30,42.4672
7,31,42.3401
7,32,42.3221
8,1,81.538
8,2,46.1952
8,3,35.989
8,4,34.4787
8,5,37.4875
8,6,35.4881
8,7,35.278
8,8,34.6543
8,9,35.1768
8,10,34.4169
8,11,34.0552
8,12,33.6151
8,13,34.9207
8,14,34.4604
8,15,34.3566
8,16,34.0254
8,17,34.3158
8,18,34.1817
8,19,34.096
8,20,33.6535
8,21,34.6246
8,22,34.378
8,23,34.2747
8,24,34.1563
8,25,34.1802
8,26,33.81
8,27,33.8503
8,28,33.6537
8,29,34.4196
8,30,34.2691
8,31,34.3029
8,32,33.9645
9,1,73.3941
9,2,41.8185
9,3,32.7077
9,4,41.1614
9,5,38.1697
9,6,36.6559
9,7,35.5434
9,8,37.3522
9,9,35.2985
9,10,34.6136
9,11,37.4956
9,12,36.3192
9,13,36.0729
9,14,35.4751
9,15,35.9962
9,16,35.4947
9,17,34.9572
9,18,36.6607
9,19,36.3651
9,20,35.9503
9,21,35.6902
9,22,36.113
9,23,35.41
9,24,35.2406
9,25,36.6082
9,26,36.1759
9,27,36.0298
9,28,35.7409
9,29,36.0852
9,30,35.7038
9,31,35.5238
9,32,35.3425
10,1,66.4071
10,2,37.9913
10,3,29.6733
10,4,37.6684
10,5,35.035
10,6,33.4421
10,7,36.1677
10,8,34.5491
10,9,33.4466
10,10,36.0317
10,11,35.1281
10,12,34.1816
10,13,35.6906
10,14,34.8556
10,15,34.3097
10,16,33.7363
10,17,34.1694
10,18,33.4827
10,19,33.1523
10,20,34.1022
10,21,33.4701
10,22,33.2935
10,23,34.6001
10,24,34.1851
10,25,33.8405
10,26,34.5542
10,27,34.2164
10,28,33.8322
10,29,34.6861
10,30,34.3395
10,31,34.1214
10,32,33.9681
11,1,60.7873
11,2,34.8936
11,3,40.6001
11,4,33.9597
11,5,32.1585
11,6,34.3576
11,7,32.1336
11,8,31.1266
11,9,33.257
11,10,31.8661
11,11,31.3861
11,12,32.3265
11,13,31.2895
11,14,30.8833
11,15,32.3197
11,16,31.6316
11,17,31.1708
11,18,31.8138
11,19,31.12
11,20,30.8572
11,21,31.9493
11,22,31.3519
11,23,31.1235
11,24,31.8112
11,25,31.2302
11,26,31.0046
11,27,31.8642
11,28,31.1787
11,29,30.9129
11,30,31.7186
11,31,31.24
11,32,31.0027
12,1,56.2116
12,2,32.0367
12,3,37.7778
12,4,31.3001
12,5,29.542
12,6,31.3512
12,7,28.757
12,8,27.7502
12,9,28.4428
12,10,27.438
12,11,29.2431
12,12,28.426
12,13,27.9982
12,14,29.1897
12,15,28.3347
12,16,27.8731
12,17,27.6722
12,18,27.3375
12,19,28.7055
12,20,28.2531
12,21,27.9979
12,22,28.471
12,23,28.0658
12,24,27.7426
12,25,27.8312
12,26,27.6975
12,27,28.4235
12,28,28.1915
12,29,27.9458
12,30,28.4514
12,31,28.0566
12,32,27.8068
13,1,52.4747
13,2,29.904
13,3,35.4955
13,4,29.3341
13,5,32.3984
13,6,29.9648
13,7,28.438
13,8,29.8634
13,9,28.3478
13,10,29.766
13,11,28.6507
13,12,28.0521
13,13,29.3127
13,14,28.2283
13,15,29.0265
13,16,28.3705
13,17,27.8865
13,18,28.7328
13,19,28.0452
13,20,28.8034
13,21,28.2389
13,22,28.0026
13,23,28.7854
13,24,28.109
13,25,28.7445
13,26,28.3453
13,27,28.1101
13,28,28.542
13,29,28.0877
13,30,29.2947
13,31,28.8539
13,32,28.5221
14,1,48.9695
14,2,27.96
14,3,33.22
14,4,27.4929
14,5,30.1944
14,6,28.0085
14,7,30.1451
14,8,28.2505
14,9,27.4094
14,10,28.1857
14,11,26.7694
14,12,28.2016
14,13,27.5006
14,14,28.437
14,15,27.5231
14,16,27.1426
14,17,27.3444
14,18,26.7391
14,19,27.4487
14,20,26.9497
14,21,28.0411
14,22,27.3802
14,23,28.0766
14,24,27.6907
14,25,27.3169
14,26,27.6958
14,27,27.1827
14,28,28.4622
14,29,27.9859
14,30,28.3832
14,31,28.116
14,32,27.7296
15,1,45.995
15,2,26.4324
15,3,31.2884
15,4,25.9089
15,5,28.5462
15,6,26.2269
15,7,28.4735
15,8,26.5966
15,9,28.0962
15,10,27.0431
15,11,28.2361
15,12,27.214
15,13,28.1373
15,14,27.3118
15,15,28.1753
15,16,27.4327
15,17,26.9451
15,18,27.1852
15,19,26.6181
15,20,27.5661
15,21,26.8234
15,22,27.5235
15,23,26.9041
15,24,27.5855
15,25,27.1175
15,26,28.3892
15,27,27.871
15,28,28.2458
15,29,27.7643
15,30,28.3323
15,31,27.8958
15,32,27.5146
16,1,43.4437
16,2,24.8238
16,3,28.5246
16,4,22.4298
16,5,25.613
16,6,22.1368
16,7,24.804
16,8,22.1217
16,9,23.9929
16,10,21.948
16,11,23.7333
16,12,22.0896
16,13,23.4155
16,14,21.8909
16,15,23.2573
16,16,22.0569
16,17,23.1593
16,18,21.9886
16,19,23.1421
16,20,22.3133
16,21,23.1851
16,22,22.2585
16,23,22.9055
16,24,22.2524
16,25,23.4858
16,26,22.7241
16,27,23.1214
16,28,22.4443
16,29,23.2774
16,30,22.6573
16,31,23.0071
16,32,22.4009
17,1,41.4536
17,2,38.039
17,3,27.6902
17,4,29.6887
17,5,24.9936
17,6,27.054
17,7,24.3182
17,8,25.6652
17,9,23.7131
17,10,25.0942
17,11,23.6665
17,12,24.613
17,13,23.3313
17,14,24.2269
17,15,23.3702
17,16,24.143
17,17,25.3711
17,18,24.4461
17,19,25.2892
17,20,24.3434
17,21,24.93
17,22,24.1668
17,23,25.8906
17,24,25.0358
17,25,25.3351
17,26,24.7958
17,27,25.4941
17,28,24.7751
17,29,25.0299
17,30,24.5066
17,31,27.8329
17,32,27.1418
18,1,39.3149
18,2,36.292
18,3,26.2349
18,4,28.3092
18,5,23.7655
18,6,25.7627
18,7,22.9318
18,8,24.3681
18,9,25.6828
18,10,23.6907
18,11,25.0694
18,12,23.2809
18,13,24.176
18,14,22.8468
18,15,24.064
18,16,22.7469
18,17,23.7607
18,18,24.4739
18,19,23.6839
18,20,24.3206
18,21,23.3542
18,22,24.8103
18,23,24.1357
18,24,24.4842
18,25,24.9612
18,26,24.2347
18,27,24.6754
18,28,24.0564
18,29,27.2252
18,30,26.5361
18,31,26.9422
18,32,26.4834
19,1,37.2983
19,2,34.6264
19,3,25.1188
19,4,27.1369
19,5,22.4749
19,6,24.6783
19,7,26.1079
19,8,23.3005
19,9,24.5337
19,10,22.6012
19,11,24.0115
19,12,24.5384
19,13,23.0464
19,14,24.1122
19,15,22.9261
19,16,24.0696
19,17,24.5067
19,18,23.6198
19,19,24.3428
19,20,23.3206
19,21,24.6093
19,22,24.8566
19,23,24.2384
19,24,24.8924
19,25,24.0257
19,26,24.1534
19,27,27.6115
19,28,26.965
19,29,27.0367
19,30,26.5462
19,31,26.7754
19,32,26.1727
20,1,35.7332
20,2,33.1139
20,3,23.8467
20,4,25.9938
20,5,27.1352
20,6,23.3769
20,7,24.988
20,8,22.3584
20,9,23.259
20,10,24.235
20,11,22.6331
20,12,23.4936
20,13,24.2261
20,14,22.8078
20,15,23.9388
20,16,22.8398
20,17,23.2019
20,18,23.744
20,19,22.8159
20,20,24.1496
20,21,24.3287
20,22,23.4787
20,23,24.0224
20,24,23.3578
20,25,23.5018
20,26,26.5564
20,27,25.8286
20,28,25.9819
20,29,26.6642
20,30,25.7285
20,31,25.6089
20,32,25.0567
21,1,34.2808
21,2,31.7546
21,3,22.8984
21,4,25.0879
21,5,26.1263
21,6,22.4617
21,7,23.9198
21,8,24.8939
21,9,22.4628
21,10,23.5544
21,11,24.1483
21,12,22.6435
21,13,23.4739
21,14,24.3098
21,15,23.0452
21,16,23.7892
21,17,24.13
21,18,22.9863
21,19,24.3191
21,20,24.4959
21,21,23.5852
21,22,24.2286
21,23,24.3671
21,24,23.6891
21,25,26.8368
21,26,26.5952
21,27,25.9049
21,28,26.6816
21,29,26.1588
21,30,25.5965
21,31,25.8113
21,32,25.2768
22,1,32.7321
22,2,30.5022
22,3,30.4438
22,4,23.7805
22,5,25.0666
22,6,25.9172
22,7,22.9271
22,8,23.8475
22,9,24.453
22,10,22.6023
22,11,23.2451
22,12,23.9449
22,13,22.3609
22,14,23.4253
22,15,23.9119
22,16,22.7613
22,17,22.9265
22,18,24.1378
22,19,24.267
22,20,23.5118
22,21,23.9149
22,22,24.0049
22,23,23.3204
22,24,26.3552
22,25,26.0827
22,26,25.5186
22,27,26.1221
22,28,25.7764
22,29,25.0973
22,30,25.2068
22,31,25.3688
22,32,24.6843
23,1,31.4811
23,2,29.3893
23,3,29.1917
23,4,22.8909
23,5,24.1585
23,6,25.087
23,7,25.6022
23,8,22.9782
23,9,23.6916
23,10,24.1492
23,11,22.4254
23,12,23.0715
23,13,23.8656
23,14,24.2869
23,15,23.0107
23,16,23.3446
23,17,24.397
23,18,23.3877
23,19,23.5374
23,20,23.9897
23,21,24.094
23,22,23.356
23,23,26.2705
23,24,26.0738
23,25,25.4809
23,26,25.9554
23,27,25.5662
23,28,25.7315
23,29,25.0464
23,30,25.1317
23,31,25.2496
23,32,24.5537
24,1,30.3576
24,2,28.2747
24,3,27.9478
24,4,22.0449
24,5,23.0657
24,6,23.9269
24,7,24.4139
24,8,21.9648
24,9,22.547
24,10,23.0368
24,11,23.5709
24,12,21.8815
24,13,22.5949
24,14,23.0208
24,15,23.2648
24,16,21.9617
24,17,22.9778
24,18,23.0304
24,19,23.4344
24,20,22.4773
24,21,22.693
24,22,25.2773
24,23,25.0429
24,24,24.3294
24,25,25.1043
24,26,24.8538
24,27,24.9963
24,28,24.3582
24,29,24.3559
24,30,24.5259
24,31,24.4165
24,32,23.7153
25,1,29.3603
25,2,27.3506
25,3,27.0785
25,4,27.0959
25,5,22.3834
25,6,23.2724
25,7,23.8299
25,8,24.2696
25,9,24.4377
25,10,22.4616
25,11,23.0616
25,12,23.6289
25,13,23.8223
25,14,22.6209
25,15,22.9078
25,16,23.7838
25,17,23.8085
25,18,24.0908
25,19,23.2409
25,20,23.3711
25,21,26.1006
25,22,25.8857
25,23,25.2202
25,24,25.6939
25,25,25.143
25,26,25.3686
25,27,25.3215
25,28,24.6637
25,29,24.7428
25,30,24.546
25,31,34.4419
25,32,33.3714
26,1,28.4575
26,2,26.5058
26,3,26.0973
26,4,25.9751
26,5,26.2524
26,6,22.5327
26,7,22.9528
26,8,23.2892
26,9,23.7204
26,10,24.0776
26,11,22.1958
26,12,22.7104
26,13,23.1475
26,14,23.2959
26,15,24.1353
26,16,22.879
26,17,22.9102
26,18,23.3177
26,19,23.3422
26,20,25.9392
26,21,25.6496
26,22,25.0199
26,23,25.5236
26,24,25.051
26,25,25.15
26,26,25.189
26,27,24.4239
26,28,24.541
26,29,24.3138
26,30,34.2647
26,31,33.6335
26,32,33.2905
27,1,27.3947
27,2,25.5072
27,3,25.351
27,4,25.452
27,5,25.363
27,6,25.2235
27,7,22.1982
27,8,22.8589
27,9,22.9833
27,10,23.25
27,11,23.7122
27,12,23.8995
27,13,22.433
27,14,22.5417
27,15,23.3995
27,16,23.3922
27,17,23.627
27,18,23.6508
27,19,26.2615
27,20,25.2881
27,21,25.0961
27,22,25.7042
27,23,25.2132
27,24,25.3401
27,25,25.2571
27,26,24.4476
27,27,24.4921
27,28,24.2082
27,29,33.97
27,30,33.4504
27,31,33.411
27,32,32.3687
28,1,26.3796
28,2,24.6922
28,3,24.8005
28,4,24.4311
28,5,24.3087
28,6,24.4225
28,7,24.6672
28,8,21.8165
28,9,21.9612
28,10,22.3319
28,11,22.9538
28,12,23.0229
28,13,22.9755
28,14,23.5514
28,15,23.717
28,16,22.5441
28,17,22.6196
28,18,22.5705
28,19,25.1426
28,20,24.7187
28,21,25.4391
28,22,25.1205
28,23,25.1301
28,24,24.3508
28,25,24.0713
28,26,24.2143
28,27,23.9851
28,28,33.6215
28,29,32.9087
28,30,33.0069
28,31,31.6521
28,32,30.9995
29,1,25.7699
29,2,24.1613
29,3,23.7197
29,4,23.5868
29,5,23.9041
29,6,23.8499
29,7,23.7748
29,8,23.5951
29,9,23.9167
29,10,24.1746
29,11,22.3127
29,12,22.3573
29,13,22.4146
29,14,23.3661
29,15,23.13
29,16,23.1674
29,17,23.1832
29,18,25.8889
29,19,25.2648
29,20,25.7782
29,21,25.4923
29,22,24.5907
29,23,24.6173
29,24,24.3239
29,25,24.5377
29,26,24.1493
29,27,33.9445
29,28,33.0802
29,29,32.9768
29,30,32.1592
29,31,32.5938
29,32,32.1125
30,1,25.0148
30,2,23.1987
30,3,23.0594
30,4,23.152
30,5,23.0947
30,6,23.0197
30,7,23.119
30,8,23.0894
30,9,23.1671
30,10,23.2692
30,11,23.2766
30,12,23.2869
30,13,23.9231
30,14,23.7577
30,15,23.6912
30,16,22.5726
30,17,22.4685
30,18,24.896
30,19,24.3605
30,20,25.0258
30,21,24.6962
30,22,24.5831
30,23,24.5273
30,24,24.4981
30,25,24.2289
30,26,33.982
30,27,33.081
30,28,32.9303
30,29,32.2737
30,30,32.417
30,31,31.7114
30,32,31.0163
31,1,24.1754
31,2,22.6139
31,3,22.6798
31,4,22.4658
31,5,22.2987
31,6,22.3088
31,7,22.4483
31,8,22.5644
31,9,22.3779
31,10,22.5548
31,11,22.7734
31,12,22.7843
31,13,23.2224
31,14,22.899
31,15,23.0913
31,16,23.0879
31,17,25.4668
31,18,24.7016
31,19,25.4019
31,20,25.102
31,21,24.952
31,22,24.6936
31,23,24.7342
31,24,24.4733
31,25,34.2058
31,26,33.1987
31,27,33.1878
31,28,32.2419
31,29,32.5135
31,30,31.7886
31,31,31.3392
31,32,30.4095
32,1,23.6794
32,2,21.7159
32,3,21.3401
32,4,21.1996
32,5,21.1223
32,6,21.3456
32,7,21.3395
32,8,21.1417
32,9,21.1412
32,10,21.2635
32,11,21.349
32,12,21.2088
32,13,21.5229
32,14,21.3008
32,15,21.3638
32,16,21.3564
32,17,23.7108
32,18,23.3572
32,19,23.4548
32,20,23.5335
32,21,23.4284
32,22,23.1107
32,23,23.0989
32,24,23.2935
32,25,29.5485
32,26,28.4764
32,27,28.0609
32,28,27.1435
32,29,27.5802
32,30,26.5625
32,31,26.4305
32,32,26.5857
